Position (bp)	% T	% C	% A	% G
1.00	23.61	26.22	26.83	23.33
2.00	26.59	23.50	22.84	27.07
3.00	22.61	25.90	25.45	26.04
4.00	27.09	24.34	24.35	24.22
5.00	24.72	25.38	26.03	23.86
6.00	26.82	24.16	24.05	24.96
7.00	23.40	25.50	25.85	25.25
8.00	27.72	24.17	23.93	24.17
9.00	23.43	25.06	27.42	24.08
10.00	24.46	24.04	25.38	26.12
15.00	24.40	21.74	26.83	27.03
20.00	28.18	17.80	31.12	22.90
25.00	27.11	15.95	29.84	27.11
30.00	28.01	17.32	30.79	23.89
35.00	27.20	17.62	31.65	23.53
40.00	27.64	17.46	31.49	23.40
45.00	27.28	16.92	31.91	23.89
50.00	27.96	16.65	31.43	23.95
55.00	27.63	16.34	31.73	24.30
60.00	27.58	16.43	31.91	24.08
65.00	27.07	16.44	32.67	23.81
70.00	27.04	16.53	32.49	23.94
75.00	27.06	16.41	32.41	24.12
80.00	27.53	16.13	32.26	24.07
85.00	27.23	16.26	32.35	24.16
90.00	27.20	16.28	32.44	24.08
95.00	26.79	16.43	32.87	23.91
100.00	26.81	16.43	32.69	24.07
105.00	26.80	16.33	32.62	24.25
110.00	27.19	16.13	32.42	24.26
115.00	26.92	16.24	32.49	24.35
120.00	26.92	16.27	32.45	24.35
125.00	26.51	16.36	32.85	24.29
130.00	26.51	16.28	32.61	24.60
135.00	26.42	16.16	32.52	24.89
140.00	26.76	15.97	32.23	25.04
145.00	26.42	16.06	32.27	25.24
150.00	26.11	15.93	32.34	25.62